[[  0.10109522   0.10113557   0.10100718 ...,   0.10096468   0.10093842
    0.10095389]
 [  0.10146018   0.10125368   0.1009906  ...,   0.10078076   0.10084218
    0.10088855]
 [ 39.56791863  29.17844184   0.48597131 ...,   0.10170289   0.10544442
    0.10144605]
 ..., 
 [  0.10110444   0.10108878   0.10111835 ...,   0.100886     0.1008966
    0.10092823]
 [  0.1022752    0.101769     0.10097234 ...,   0.10086837   0.10086002
    0.10099539]
 [  0.10158878   0.10111117   0.10091242 ...,   0.10081529   0.10109425
    0.10087165]]
